8
1
Dospinescu Mihai
24
800
800
850
900
1200
1300
1400
1500
1600
1700
1900
2050
Nu
3
70000
80000
95000
2
Arama Rares
31
650
820
750
1000
950
1150
1200
1300
1000
1200
970
1500
Da
2
60000
70000
3
Manole Tudor
45
600
700
850
750
1000
1200
1500
1000
1250
1600
1100
1800
Da
2
78000
82000
4
Chisareanu Marius
34
450
500
550
600
600
700
700
750
820
970
1000
1050
Da
1
65000
5
Mihaila Radu
26
1200
1300
1850
1900
1700
1800
1850
1780
1900
2000
2100
2200
Nu
3
90000
120000
125000
6
Bostan Maria
33
750
870
720
1050
980
1250
1200
1100
1600
1400
1270
1380
Da
2
75000
800000
7
Stoica Laura
28
800
800
850
900
1200
1300
1400
1500
1600
1700
1900
2050
Nu
3
70000
80000
95000
8
Chirila Rares
38
650
820
750
1000
950
1150
1200
1300
1000
1200
970
1500
Da
2
60000
70000
